Total: 0.95

Pair scores:
(0, 1): 0.8333333333333334
(0, 2): 1.0
(1, 2): 1.0
(0, 3): 0.75
(0, 4): 1.0
(1, 3): 1.0
(1, 4): 0.9166666666666666
(2, 3): 1.0
(2, 4): 1.0
(3, 4): 1.0

Error scores:
ArtOrDet: 0.975773710836214
Srun: 0.9824402606806661
Others: 0.9832077840552417
Vform: 0.8905683192261185
SVA: 0.9785304538552387
Wci: 0.9371469450889266
Trans: 0.8839285714285714
Pref: 0.9551649167462068
Pform: 0.9293278341322038
Um: 0.9971617786187322
Wtone: 0.9178403755868545
Ssub: 0.7697917826522659
Wform: 0.9058092888822147
Npos: 0.985499462943072
Smod: 1.0
Nn: 0.9816534439235485
WOadv: 0.9851485148514851
Rloc-: 0.8903304277315726
Sfrag: 0.978494623655914
Prep: 0.9005995462461545
noop: 1.0
V0: 0.985926129342304
Vm: 0.8714773697694278
Vt: 0.8492581222819136
Spar: 0.984118291347207
Mec: 0.9619217867231642
WOinc: 0.9924723594448365
Wa: 0.7545454545454545
